20
17
1 1 0 0 1 1 0 0 1 0 0 0 0 0 0 1 1 
0 0 0 1 0 1 1 0 0 0 0 1 1 1 1 0 0 
0 1 1 0 0 0 0 0 1 1 1 0 1 1 0 1 1 
1 0 1 0 0 0 0 0 0 1 0 1 1 0 0 1 0 
1 1 0 0 1 0 1 1 1 1 0 1 1 0 0 1 1 
0 0 0 0 1 1 1 0 0 1 1 0 0 1 0 0 0 
0 0 1 1 0 0 0 0 1 0 1 0 0 0 1 1 1 
0 0 0 1 0 0 0 0 1 1 1 1 0 0 1 0 0 
0 0 1 1 0 0 0 0 0 0 0 0 1 0 1 0 0 
0 0 1 0 0 0 0 0 1 1 1 1 1 0 1 1 1 
1 0 1 0 1 1 0 1 0 0 1 0 0 0 1 0 1 
1 1 1 1 0 1 0 1 0 0 1 1 0 1 0 1 1 
1 0 0 1 1 1 0 1 1 1 0 1 0 0 1 1 1 
0 1 1 0 0 1 0 1 0 1 1 0 0 0 0 1 0 
1 1 1 0 0 0 1 1 0 0 0 0 0 0 0 1 0 
1 0 0 1 0 0 0 0 0 1 0 0 0 0 0 1 0 
0 0 0 0 1 1 1 1 1 0 1 0 0 0 0 0 1 
1 1 1 0 1 0 0 1 0 1 1 1 1 1 0 0 0 
1 0 1 0 1 0 0 1 1 1 1 0 0 0 1 0 0 
40
0 0 1 1 0 1 1 1 1 1 1 0 1 0 1 1 1 0 1 0 0 0 0 1 0 1 1 1 0 1 0 1 0 1 0 0 0 0 0 1 
1 1 0 0 0 1 0 0 1 1 0 0 0 0 0 1 0 0 0 0 0 1 0 1 1 1 1 1 0 0 1 0 0 0 1 0 0 0 1 0 
0 0 0 1 1 1 0 1 1 0 0 0 0 0 1 1 1 0 1 1 0 0 1 0 1 0 1 1 1 0 0 1 1 0 0 1 0 1 0 0 
0 0 0 0 1 1 1 1 1 1 1 1 1 0 0 1 0 1 1 0 0 1 0 1 0 1 1 1 1 1 0 0 1 1 0 1 0 0 1 1 
0 0 0 0 1 0 0 0 0 0 1 1 1 0 0 1 0 1 0 0 1 0 1 1 0 0 0 1 0 0 0 1 1 1 1 0 1 0 0 1 
1 0 0 0 1 1 0 0 1 1 1 0 0 1 1 1 1 0 1 0 1 0 1 1 0 0 1 1 0 1 0 1 1 0 0 0 1 1 1 1 
1 1 1 1 0 1 0 0 0 1 0 1 1 1 0 1 0 0 0 0 0 1 1 0 1 1 1 0 0 1 0 1 0 1 0 0 0 1 0 0 
1 1 0 1 1 0 0 1 1 1 0 1 1 1 1 0 1 0 1 0 1 0 1 1 0 1 0 0 1 1 0 1 1 0 0 1 1 0 1 1 
0 1 0 0 0 0 0 0 0 1 0 1 0 0 1 1 1 1 1 0 1 0 0 0 0 0 0 1 1 0 0 1 1 0 1 1 0 1 1 1 
1 1 0 0 0 1 0 0 1 1 0 0 1 0 1 1 1 0 1 1 0 0 0 0 1 0 0 0 1 1 1 0 1 0 1 1 0 0 1 1 
1 1 0 1 0 1 0 1 0 1 0 0 0 0 0 0 1 1 0 0 0 0 0 1 0 1 0 1 1 0 0 0 0 1 0 1 1 1 0 1 
0 1 0 1 1 1 1 1 1 0 0 1 1 1 1 1 0 0 1 1 0 1 1 0 1 1 0 1 0 1 0 0 1 1 1 0 0 0 0 1 
0 1 1 1 0 0 0 0 0 0 0 1 1 1 1 1 0 1 1 0 1 0 0 1 0 1 1 1 0 1 0 0 0 1 0 1 1 0 0 1 
0 1 1 0 1 1 1 0 0 1 1 0 0 0 1 1 0 0 0 0 0 0 0 1 1 0 1 1 0 0 1 1 0 1 1 0 1 0 1 1 
0 1 1 0 1 1 0 1 0 1 1 0 0 1 1 1 1 1 1 0 1 1 1 0 1 1 1 1 0 0 1 1 1 1 0 1 1 0 0 1 
0 0 0 1 1 1 0 0 0 1 1 0 1 0 1 1 0 1 1 1 0 0 0 1 0 1 0 0 1 1 1 0 1 0 1 1 1 1 0 1 
1 0 0 1 0 1 1 1 0 1 1 1 1 1 0 0 1 0 0 1 1 0 0 0 1 0 0 0 1 1 0 1 1 1 0 0 0 0 0 1 
1 1 1 1 1 0 1 1 0 1 1 1 1 1 0 0 1 1 0 1 0 0 0 0 1 1 1 1 1 0 1 0 1 1 0 1 1 1 0 1 
1 0 0 1 0 1 1 1 1 0 0 0 1 0 1 1 0 1 0 1 0 0 1 1 1 0 1 0 0 1 0 0 1 0 0 0 1 0 1 0 
0 1 1 0 0 0 1 0 1 0 1 0 1 1 0 1 1 0 0 0 0 1 0 1 0 1 0 0 1 1 0 1 0 0 0 1 0 0 0 0 
1 1 0 1 0 1 1 1 0 1 1 0 1 1 0 0 0 0 0 1 0 1 1 0 1 0 1 0 1 0 0 1 1 1 0 0 0 0 0 1 
1 0 0 0 0 0 0 1 0 1 0 0 0 1 1 1 1 0 1 0 0 0 1 0 1 0 1 0 0 1 0 1 1 0 1 0 0 1 1 1 
0 0 1 1 0 1 1 0 0 0 1 0 1 0 1 0 0 0 0 0 0 0 1 0 1 0 0 1 0 0 0 0 1 0 0 1 0 0 1 1 
0 1 0 0 1 0 0 0 0 1 0 0 1 0 0 0 0 1 1 0 0 0 1 0 1 1 1 1 1 1 0 0 1 1 1 1 0 1 1 0 
1 0 1 1 1 1 0 0 0 1 0 0 1 0 0 0 1 0 1 1 1 1 0 0 1 0 1 0 1 0 1 1 1 0 1 0 0 0 1 1 
0 1 1 1 0 1 0 0 1 0 1 1 0 1 0 0 1 1 0 0 0 0 0 0 0 0 1 0 1 1 0 1 0 1 0 1 0 0 1 1 
1 0 0 0 1 0 0 1 0 1 0 1 1 0 1 1 1 0 1 1 1 1 1 0 0 1 0 0 0 0 1 1 1 0 1 1 1 0 0 1 
0 1 0 0 1 1 0 0 1 1 1 0 1 1 0 1 0 1 0 0 0 1 0 0 1 0 0 1 0 1 0 1 0 0 0 1 1 1 0 0 
1 1 0 1 1 0 0 0 0 0 1 1 1 0 0 1 1 0 1 1 0 1 1 1 0 0 0 0 0 0 1 0 1 0 0 0 1 1 0 1 
1 1 1 1 0 0 1 0 1 1 1 1 1 0 0 1 0 0 0 0 1 1 0 0 0 1 0 0 0 0 0 0 1 0 0 1 1 1 0 1 
1 1 0 0 0 1 1 1 1 0 0 0 0 1 1 1 0 1 1 0 0 1 1 1 0 0 0 0 0 1 0 1 0 1 1 1 1 1 1 0 
0 1 0 1 1 1 0 1 0 1 1 0 0 1 1 0 1 1 0 1 0 1 0 1 0 1 0 0 1 0 1 0 1 0 1 1 1 1 1 1 
0 0 0 0 0 0 0 1 0 0 0 1 1 1 0 1 0 0 0 0 0 0 1 0 1 0 1 0 0 1 0 1 1 0 1 1 1 0 1 1 
1 0 1 1 1 1 1 0 0 0 0 1 1 0 1 0 0 1 1 1 0 0 1 1 1 1 0 0 1 0 1 0 0 1 1 1 1 0 0 1 
1 1 1 1 0 1 1 1 0 1 0 0 1 1 1 1 1 0 1 1 1 1 1 0 1 0 1 1 0 1 1 0 0 0 1 1 0 1 0 1 
0 1 1 0 1 0 0 0 1 1 1 1 1 0 1 1 0 0 1 0 0 1 0 1 0 0 0 0 1 0 0 1 0 0 0 1 1 1 1 0 
0 0 1 0 0 0 1 1 0 1 0 1 0 1 0 0 0 0 0 1 0 1 1 0 1 0 0 0 1 1 1 1 1 0 0 0 0 1 0 1 
1 1 0 0 0 1 1 1 1 0 1 0 1 1 0 1 0 1 0 0 1 1 0 1 1 1 0 1 1 1 1 1 1 1 0 0 0 1 1 0 
0 0 1 1 0 1 0 0 1 0 1 1 1 1 0 1 1 0 0 0 0 0 0 0 1 1 1 1 1 1 1 1 0 1 0 0 0 1 1 0 
1 0 0 1 1 0 1 0 1 0 0 0 0 1 0 1 0 0 0 1 0 1 0 0 0 1 1 1 1 1 0 0 1 1 1 1 1 0 0 0 
0 1 0 1 0 1 1 1 0 0 0 1 0 0 0 0 1 0 0 1 1 1 1 1 0 0 0 0 1 1 1 0 0 1 0 1 1 0 0 1 
0 1 1 1 0 1 1 1 1 1 1 1 1 1 1 1 0 0 1 1 1 0 1 1 1 0 1 1 0 1 1 1 1 0 1 0 0 0 1 0 
27
0 0 0 0 1 1 1 0 1 1 1 1 0 1 1 1 1 0 0 1 0 0 1 0 0 1 1 
1 0 1 1 0 1 1 0 0 0 0 0 1 1 0 0 1 0 1 1 0 1 1 1 1 1 1 
0 1 1 0 0 1 0 1 1 1 1 1 0 0 0 1 1 1 0 1 1 1 1 0 1 1 1 
1 0 1 1 1 0 0 1 1 1 0 0 0 0 0 1 1 1 1 0 1 0 1 0 1 1 1 
1 1 0 0 1 0 1 1 0 1 1 1 1 1 0 1 0 0 0 0 0 1 1 0 0 1 0 
0 1 0 0 0 1 0 0 1 1 0 0 0 1 0 0 0 0 1 1 0 0 1 0 1 1 0 
0 1 1 0 0 1 1 1 0 0 0 1 0 0 1 0 0 0 0 1 0 0 1 1 1 1 1 
1 0 0 1 1 0 1 0 0 0 0 0 0 0 0 1 1 1 0 1 0 0 0 1 0 1 1 
0 0 1 0 1 1 0 1 1 0 0 1 0 1 1 1 1 0 1 1 0 0 1 1 1 0 1 
1 1 1 0 1 0 1 0 1 0 0 1 0 0 0 1 0 1 1 0 1 1 1 0 0 1 0 
1 1 0 1 0 0 1 1 0 1 1 0 0 0 1 0 0 0 1 0 0 0 1 0 1 1 0 
1 1 1 1 0 0 0 0 1 0 1 0 1 0 1 1 1 1 1 1 0 1 1 0 0 1 0 
1 0 1 0 0 0 0 0 1 1 0 1 0 1 1 0 0 0 1 0 1 0 0 1 0 0 1 
1 0 1 0 1 0 1 1 0 0 1 0 0 0 0 0 1 0 1 0 0 0 1 0 0 0 1 
0 0 1 0 0 0 0 0 0 1 0 0 0 1 1 0 1 1 0 1 1 1 0 0 1 0 0 
0 0 1 1 0 0 1 0 0 0 1 0 1 0 0 1 0 0 0 1 1 1 0 1 0 0 0 
0 0 0 0 1 0 1 0 1 1 1 0 1 0 0 1 1 1 1 1 0 0 1 0 0 0 1 
1 1 1 0 0 1 1 1 0 1 0 0 0 1 1 0 0 1 1 1 0 0 1 0 0 1 0 
1 1 0 0 0 1 1 0 0 1 0 1 1 0 1 0 0 0 0 1 1 0 0 0 1 1 1 
1 1 0 0 0 1 0 1 0 1 0 0 1 0 1 1 0 0 1 1 0 0 1 1 1 0 1 
0 1 0 1 0 0 1 1 1 1 1 1 0 0 1 1 0 1 0 0 1 0 1 0 0 0 0 
1 0 0 1 1 1 1 0 0 1 0 0 1 1 1 1 1 1 0 0 0 0 1 1 0 0 0 
1 1 0 0 0 0 0 1 0 0 1 0 1 1 0 0 1 0 1 0 0 1 1 0 1 1 1 
1 0 1 0 0 0 0 1 0 1 0 0 1 1 0 0 0 0 0 0 1 0 1 0 1 1 1 
1 1 1 1 1 0 1 1 1 1 0 1 0 0 1 1 0 1 1 1 1 1 0 0 1 0 0 
0 0 0 0 1 1 1 0 0 0 1 0 0 1 0 0 0 1 0 1 0 0 0 0 0 1 0 
1 1 0 1 1 0 1 0 1 0 0 0 1 0 0 0 1 1 0 0 1 1 1 0 0 1 1 
1 1 1 1 1 1 0 1 1 1 0 0 0 0 0 1 1 0 0 0 1 1 0 1 1 0 0 
1 1 0 0 1 1 1 0 0 0 1 1 0 0 1 0 1 1 0 0 1 1 0 0 1 0 0 
23
1 1 1 1 0 1 0 1 1 0 1 1 1 1 1 1 0 0 1 1 1 0 0 
0 1 0 1 0 1 0 1 0 1 1 0 0 0 0 1 1 0 0 1 1 0 1 
0 1 1 1 0 0 1 0 1 0 1 0 1 1 0 1 0 0 0 0 0 0 1 
1 0 0 1 0 0 1 0 1 0 1 1 1 0 1 0 1 1 0 1 0 0 1 
1 0 0 0 1 1 0 0 1 0 0 1 1 0 1 0 1 1 0 1 0 0 1 
1 1 0 0 0 0 1 0 1 0 0 0 1 1 1 1 0 1 1 1 1 1 1 
0 0 1 0 0 0 1 1 1 0 0 0 0 1 1 0 1 0 1 1 0 0 0 
0 0 1 0 0 0 0 0 0 0 1 0 0 0 1 0 0 0 1 1 0 0 1 
1 1 0 1 1 0 0 0 1 0 1 1 1 1 1 1 1 1 0 1 1 1 0 
0 0 0 0 1 0 0 0 0 1 0 0 0 0 0 1 0 1 0 0 0 1 0 
1 1 1 1 1 0 1 0 0 0 0 1 1 1 0 0 0 0 0 0 1 0 1 
0 0 0 0 0 0 0 1 0 0 0 0 0 0 1 0 0 0 0 1 1 1 0 
1 1 0 0 0 1 1 0 0 0 0 1 1 0 1 0 0 1 0 1 1 0 0 
0 1 1 0 0 0 1 0 1 0 1 0 1 0 1 0 0 0 1 1 0 0 1 
1 1 1 1 0 0 1 0 1 0 1 1 0 0 1 0 0 1 0 1 0 0 0 
1 0 0 1 1 0 1 0 1 0 0 0 0 0 0 1 0 1 0 1 0 1 1 
0 1 1 1 1 1 1 0 0 1 1 1 1 0 0 1 1 1 1 1 0 1 0 
1 0 0 1 0 0 1 1 0 0 0 0 0 1 1 0 1 0 1 0 1 1 0 
0 1 1 0 1 0 1 0 0 0 0 0 0 0 1 1 0 1 1 0 0 1 0 
0 1 1 1 0 0 1 1 0 0 1 0 1 1 1 0 1 0 0 0 1 0 1 
0 0 0 1 1 1 0 0 0 0 0 1 0 0 1 1 1 0 0 0 1 0 0 
0 1 1 1 1 1 1 0 0 1 1 1 1 1 1 0 0 0 0 0 1 0 0 
0 0 0 1 0 0 1 0 1 1 1 0 0 0 0 1 0 1 1 1 0 0 1 
0 0 0 1 0 0 1 1 0 1 0 0 0 1 1 1 1 0 0 0 0 0 1 
1 1 1 1 0 1 0 0 1 0 0 1 0 1 0 0 0 1 0 0 1 1 0 
31
1 0 0 0 0 0 0 0 0 1 0 1 0 1 1 1 1 1 0 0 0 1 0 1 0 1 1 1 1 1 0 
1 0 0 0 0 1 0 1 0 1 0 0 1 1 1 1 0 0 0 0 0 0 1 0 1 1 1 1 0 1 0 
0 0 0 0 1 0 1 0 0 0 1 1 1 1 1 1 0 1 1 0 0 1 1 1 1 0 1 1 1 0 1 
0 0 0 1 1 1 0 1 0 1 0 1 0 0 1 1 0 1 0 0 0 0 0 0 0 0 0 1 0 1 0 
0 0 0 1 0 1 1 1 1 0 1 1 0 0 0 0 0 1 1 1 1 1 0 0 0 1 1 1 1 1 1 
0 1 1 0 1 0 1 1 1 1 1 0 1 0 1 1 0 0 0 0 0 1 0 1 0 1 0 1 0 0 0 
1 1 0 1 0 0 0 0 0 0 0 1 0 0 1 1 0 0 0 0 0 0 1 0 1 1 0 0 0 1 1 
0 1 1 0 0 0 0 0 1 1 1 1 1 0 0 0 1 1 1 0 0 1 0 0 0 1 0 1 1 1 1 
1 0 1 1 0 0 0 0 0 0 0 1 1 1 1 1 0 0 0 1 0 0 0 0 1 1 0 0 1 0 1 
0 1 1 1 0 0 0 0 0 0 1 1 0 1 1 0 1 1 1 1 0 0 1 0 0 1 0 0 0 0 1 
0 0 1 1 0 1 0 0 0 0 0 0 1 1 0 1 0 1 0 0 0 0 0 0 0 1 1 0 1 1 0 
0 1 0 1 0 1 0 0 0 0 1 0 0 1 1 0 1 1 1 0 0 1 0 1 1 1 1 0 1 1 0 
1 0 1 1 0 1 0 1 0 1 0 1 1 1 0 0 1 1 0 0 1 1 0 0 0 0 0 1 1 1 1 
1 1 1 0 1 1 1 1 0 0 1 0 0 1 1 0 0 1 1 1 1 1 1 1 0 0 1 0 0 1 1 
1 0 0 1 0 1 1 0 1 0 1 0 0 1 0 0 0 1 0 0 1 0 0 1 0 1 0 0 0 1 0 
1 0 0 0 0 0 1 1 1 1 1 1 1 0 1 1 1 0 1 0 0 1 1 0 0 1 1 1 1 1 1 
1 1 0 1 1 0 1 1 0 1 0 1 0 1 0 1 0 0 1 0 1 0 0 0 1 1 0 0 0 0 1 
1 1 0 1 1 0 1 0 1 0 0 0 0 1 1 0 1 0 0 0 1 0 1 0 0 0 0 0 0 1 0 
0 0 0 0 0 1 0 1 0 1 1 0 0 1 0 1 0 0 1 0 1 0 1 0 1 0 1 0 1 1 0 
1 1 1 0 0 1 0 1 1 1 1 1 1 0 0 0 0 0 0 0 1 0 0 1 1 0 1 1 1 1 1 
1 0 1 0 0 1 0 1 0 1 0 1 0 1 1 0 1 0 0 0 1 1 0 0 1 0 0 1 1 0 1 
0 0 1 0 0 0 1 1 0 0 0 1 0 0 0 0 0 0 0 0 0 1 1 0 1 0 0 0 1 1 0 
0 0 1 0 0 0 0 0 0 0 1 1 1 0 1 1 1 1 1 0 0 1 0 1 0 0 1 0 1 1 0 
1 0 1 1 0 1 0 0 0 1 1 1 0 1 0 0 0 0 1 1 1 0 0 0 1 0 0 1 0 0 1 
1 0 0 0 1 0 0 1 0 0 0 1 0 1 0 1 1 0 0 1 0 0 0 0 0 1 0 1 1 0 0 
1 0 0 1 0 0 0 0 0 1 0 1 1 0 0 0 0 1 0 0 1 0 0 0 1 1 0 1 1 0 1 
1 0 0 0 1 0 1 0 0 1 0 0 0 0 1 0 1 1 1 1 0 1 0 1 0 0 1 1 0 1 1 
0 0 1 1 1 1 1 1 1 1 0 0 1 1 1 0 0 0 0 0 0 0 1 1 0 0 0 1 0 0 0 
1 0 1 0 0 0 0 0 1 1 0 1 0 1 0 0 1 1 0 0 1 0 0 0 1 0 0 0 1 1 0 
1 1 1 1 0 1 0 0 0 0 1 0 0 1 0 0 0 1 1 0 0 1 1 1 1 1 0 0 0 0 1 
1 0 1 0 0 1 1 0 1 1 1 0 0 1 0 0 1 1 1 1 1 0 1 1 0 0 1 0 0 0 0 
0 1 1 0 1 1 0 0 1 1 1 1 1 1 0 1 1 1 0 1 1 0 0 0 1 0 1 0 0 0 1 
1 0 1 0 1 1 1 1 0 0 1 1 0 1 1 0 0 1 1 0 0 1 0 1 1 0 0 1 0 1 0 
30
0 1 0 1 1 0 0 0 1 0 1 0 0 1 0 0 1 0 0 1 1 1 0 0 0 0 0 1 1 1 
1 0 1 1 0 0 0 1 1 1 1 1 0 1 0 0 1 1 1 0 0 1 0 1 1 1 0 0 0 0 
0 0 0 1 0 0 1 1 0 1 0 1 1 0 0 1 0 1 0 0 1 0 0 0 0 1 0 0 0 1 
0 0 0 0 0 0 0 1 0 0 0 1 1 1 1 1 1 0 1 0 1 1 1 1 1 1 1 1 0 0 
0 0 0 0 1 0 0 1 1 1 1 1 1 0 1 0 1 0 0 0 1 0 0 0 0 0 0 0 1 1 
1 0 0 0 1 1 0 1 1 1 1 0 1 1 1 1 1 1 1 1 1 0 1 1 1 0 1 1 0 1 
0 0 1 1 0 1 0 1 0 0 1 1 1 0 1 0 0 1 0 0 1 0 0 0 1 0 1 1 0 1 
0 0 0 1 1 0 0 1 0 0 0 1 0 1 0 1 0 1 1 1 0 1 1 1 1 0 0 0 0 0 
1 0 0 0 0 0 0 1 0 1 1 1 0 1 0 0 0 1 1 1 1 0 1 0 0 0 1 1 1 0 
1 1 1 1 1 1 1 0 1 1 1 1 0 0 1 0 1 0 0 0 0 1 0 1 0 1 0 0 0 0 
0 0 1 1 0 0 0 1 0 0 1 0 1 0 1 0 0 0 0 0 0 1 1 1 0 1 0 1 0 1 
1 0 1 1 0 0 1 1 0 0 1 0 0 1 0 1 1 1 0 0 1 1 0 1 1 1 1 1 0 1 
0 0 1 1 1 0 1 1 1 1 0 0 0 1 0 0 0 0 1 0 0 0 1 0 1 0 1 0 1 0 
1 1 1 0 1 1 1 1 0 0 0 0 0 1 0 0 0 0 0 0 0 1 1 1 0 1 1 0 0 1 
1 1 1 1 1 0 0 0 1 0 0 0 0 0 0 1 1 0 0 0 0 0 1 0 0 1 0 1 0 0 
0 1 0 1 0 1 1 0 0 1 1 1 0 0 0 1 0 1 0 0 1 0 1 1 1 1 1 0 1 0 
0 1 1 1 1 0 0 1 1 0 0 0 0 0 0 0 0 1 1 0 0 1 0 1 0 0 0 1 0 1 
1 1 0 1 0 1 0 0 0 1 0 0 1 1 0 0 1 1 1 1 1 1 0 0 1 0 0 1 0 1 
0 1 1 1 0 0 0 1 0 1 0 0 1 0 0 1 0 0 1 0 1 0 1 1 1 0 0 1 0 1 
1 0 0 1 1 1 1 0 0 1 0 0 0 1 1 1 0 0 0 0 1 0 0 1 0 0 1 1 1 1 
0 1 0 1 0 1 1 0 0 0 1 0 0 0 1 1 1 0 0 1 1 0 1 0 0 1 0 1 0 1 
0 0 0 1 0 1 1 0 0 0 0 0 0 0 0 1 0 0 1 0 1 0 0 0 0 1 0 0 0 0 
1 1 1 1 1 0 1 0 0 1 0 0 0 1 0 1 1 1 1 1 0 1 0 1 0 1 0 0 1 0 
0 1 0 0 0 1 0 1 1 1 0 1 0 0 1 1 0 0 0 0 1 0 1 0 0 0 1 1 0 1 
0 1 0 1 0 1 1 0 1 0 1 1 1 1 0 0 1 0 1 0 0 1 0 1 1 0 0 0 0 1 
0 1 0 1 0 1 0 1 1 1 0 1 0 1 1 0 1 1 0 0 1 0 1 0 0 1 0 1 0 1 
0 1 0 1 1 1 0 0 0 1 1 0 0 1 0 1 1 0 0 0 0 0 1 0 0 0 1 1 1 0 
1 1 0 0 0 0 0 1 1 1 0 1 1 1 0 0 0 0 1 1 1 0 0 1 0 0 0 0 1 0 
0 1 0 1 1 0 1 0 0 1 1 1 0 1 0 0 0 1 0 0 0 1 0 0 1 0 0 1 0 1 
0 1 0 1 1 0 1 0 1 1 0 0 1 0 1 1 1 1 1 0 0 1 0 1 1 0 1 0 0 0 
0 0 1 0 0 0 1 0 0 0 1 0 0 1 0 0 0 1 0 0 1 0 0 0 1 1 0 0 0 1 
1 0 1 1 1 0 0 0 1 1 0 1 0 0 1 1 1 1 1 0 0 1 1 1 0 0 1 0 1 0 
25
1 1 1 0 1 1 1 1 0 0 0 0 0 1 0 1 1 0 0 0 1 0 0 1 0 
0 0 0 0 1 1 1 0 0 0 1 1 1 0 1 1 0 0 0 1 1 0 0 1 0 
0 0 1 0 0 0 1 1 0 1 1 1 0 0 0 1 1 1 1 0 0 0 1 0 0 
0 0 0 0 1 1 1 0 0 0 1 0 0 1 1 0 1 1 0 0 1 1 0 1 1 
1 0 0 1 1 1 0 0 0 0 0 0 0 1 0 1 0 1 1 0 1 1 0 1 1 
0 0 1 0 0 0 1 0 1 0 1 0 0 0 1 0 0 1 0 0 1 0 0 0 1 
0 1 1 0 0 0 1 1 0 0 0 0 0 0 1 1 0 1 1 1 1 1 1 1 1 
0 1 1 0 0 0 1 0 1 0 1 1 1 0 0 1 0 0 1 1 1 1 1 1 0 
1 1 0 1 1 1 0 1 1 0 1 0 0 1 1 1 0 0 0 0 0 1 1 1 0 
1 0 0 0 1 0 1 0 1 0 1 0 0 1 1 1 0 0 0 0 1 1 1 0 1 
0 0 0 1 0 1 1 1 0 0 0 0 1 0 1 1 1 0 1 1 1 0 0 0 0 
1 0 0 0 0 0 0 0 0 0 0 0 0 0 0 0 0 1 0 1 1 1 1 1 0 
1 1 0 1 0 1 1 1 0 0 0 1 1 0 1 0 1 0 1 0 1 0 0 0 1 
1 0 0 0 0 1 0 0 0 0 1 0 1 0 1 1 1 1 0 1 0 1 1 0 1 
0 0 0 0 0 1 0 0 1 0 1 1 0 0 0 1 1 1 1 0 0 1 0 1 0 
0 1 1 0 0 0 1 1 0 0 0 0 0 0 0 0 1 0 0 1 0 1 0 0 1 
0 1 0 1 1 0 1 1 1 0 1 1 0 0 0 0 0 1 1 0 1 1 1 0 0 
1 0 1 0 1 1 1 1 1 0 0 1 1 0 0 0 1 0 0 0 0 0 0 1 0 
1 1 0 0 0 0 0 0 1 0 1 1 1 1 0 1 0 1 1 1 1 1 1 1 0 
1 1 1 1 1 0 0 0 0 1 0 1 1 0 1 0 1 0 0 1 0 0 1 1 1 
1 0 1 0 1 1 0 0 1 0 1 0 1 0 1 0 1 0 0 1 1 0 1 0 1 
0 0 0 0 1 1 0 0 1 1 0 1 0 1 0 0 1 1 1 0 0 0 1 1 0 
0 1 1 1 1 1 0 1 1 1 1 0 0 0 1 0 1 0 1 0 0 1 1 1 0 
0 1 1 0 1 1 1 1 0 1 0 1 1 1 1 0 1 0 0 0 1 0 1 1 1 
1 0 0 0 1 1 1 1 0 1 0 1 0 0 1 0 1 1 1 1 1 1 0 1 0 
0 1 1 0 1 1 1 0 0 1 0 0 1 0 0 1 1 1 0 1 1 1 1 0 0 
0 1 1 1 1 0 0 1 0 0 1 1 0 1 0 0 0 1 1 0 0 1 0 0 0 
47
1 1 1 0 0 1 0 1 1 0 1 0 0 0 0 1 0 1 1 0 0 1 0 0 1 1 0 0 1 0 0 0 0 1 0 1 1 0 0 0 0 0 1 0 1 1 1 
1 0 1 0 0 1 0 1 0 0 0 0 1 1 1 0 1 0 0 1 1 0 1 0 0 1 0 0 0 0 1 0 0 1 1 0 1 1 1 0 0 1 1 0 0 1 0 
0 1 1 1 0 0 0 1 0 1 1 0 1 0 0 1 1 1 0 0 1 0 1 1 1 1 0 0 1 0 1 0 0 1 1 1 1 1 1 0 0 1 0 0 1 0 0 
1 0 1 0 1 1 0 1 1 0 0 1 0 0 0 0 1 0 1 0 0 0 1 0 0 0 0 1 1 1 1 1 1 0 1 0 1 1 1 0 0 0 1 1 0 0 1 
1 1 0 1 1 0 1 0 0 1 1 1 1 0 1 1 0 0 1 1 1 0 1 1 0 1 1 1 0 1 0 1 0 0 1 1 0 1 1 0 0 0 1 0 0 0 1 
1 0 1 0 0 1 1 1 0 1 0 0 0 0 1 1 1 1 1 1 0 0 0 0 0 1 1 1 1 0 1 0 1 0 1 0 1 1 0 0 0 1 1 0 0 1 0 
0 1 1 0 0 1 0 1 0 0 0 1 1 1 0 1 0 1 0 1 0 1 1 1 0 0 1 1 1 0 1 0 0 0 0 0 1 1 0 1 0 1 0 0 0 0 0 
0 1 0 1 1 0 0 0 1 1 0 0 1 1 1 1 1 0 0 1 0 0 0 0 0 0 1 0 1 0 1 1 0 0 0 0 0 0 1 1 1 0 0 1 1 0 0 
0 0 1 1 0 0 0 0 1 0 1 1 0 1 0 1 1 0 1 0 0 0 0 1 1 0 0 1 1 1 0 1 0 1 0 0 1 1 1 0 1 1 0 0 0 1 1 
1 1 0 1 1 0 0 0 0 1 0 0 1 0 0 1 0 1 1 1 0 0 1 0 1 0 0 0 0 1 1 0 0 1 0 0 0 0 0 1 0 1 0 0 0 0 0 
0 1 0 0 0 1 1 0 0 1 1 0 1 0 1 1 0 1 0 1 1 1 0 0 1 0 0 0 1 0 1 0 0 1 1 1 0 0 0 1 1 1 1 0 0 0 0 
1 0 1 1 0 1 0 1 1 0 1 1 0 1 1 0 1 0 0 0 1 1 1 0 1 0 0 0 1 0 1 0 1 1 1 0 0 1 1 1 0 1 0 0 0 0 0 
1 0 1 0 0 0 1 0 1 1 0 1 0 0 0 1 0 0 1 0 0 0 0 0 0 1 1 1 1 0 1 1 1 1 1 0 0 1 1 1 0 1 0 0 1 0 1 
0 1 1 0 1 0 1 0 0 1 1 0 0 0 1 1 0 0 0 1 1 0 1 1 0 0 0 0 0 1 1 0 1 1 0 0 1 1 1 1 1 1 0 0 1 0 1 
1 0 1 0 1 1 0 1 1 0 0 0 0 1 0 0 0 1 1 0 1 1 1 1 1 1 1 0 0 0 1 0 0 0 0 1 1 1 1 1 0 0 1 1 1 1 0 
0 0 0 0 1 1 1 0 0 1 0 0 1 0 1 0 1 0 1 1 1 0 0 0 1 1 1 1 1 1 0 0 1 0 1 0 0 1 0 0 1 1 0 1 1 1 0 
0 0 1 1 0 1 0 0 1 1 0 1 0 1 0 0 0 1 0 1 0 0 0 0 0 1 1 0 0 1 0 1 1 0 1 0 1 1 0 0 0 0 0 0 0 1 1 
1 0 1 1 1 1 1 1 1 0 1 1 0 0 0 0 0 1 0 0 0 0 1 0 1 1 1 1 0 1 1 1 1 0 0 0 0 0 1 1 0 1 0 1 1 0 0 
1 1 0 1 0 1 1 0 0 1 0 0 0 1 0 0 0 1 0 1 0 0 1 1 1 1 0 0 1 0 0 0 0 0 1 0 1 0 1 1 0 0 1 1 1 0 0 
1 0 0 1 1 0 0 1 1 0 0 0 1 0 1 1 1 0 1 0 1 0 0 1 1 1 1 1 0 0 1 1 1 0 1 0 1 0 0 1 0 1 0 0 1 0 0 
0 1 1 1 0 0 1 1 0 0 1 0 1 1 0 0 0 1 0 1 1 1 1 0 0 0 1 1 1 1 0 1 1 1 0 1 1 1 0 1 1 0 1 0 1 0 1 
0 0 1 1 1 1 0 1 1 0 0 1 0 1 1 0 1 0 1 0 1 1 0 1 0 0 1 0 1 1 0 1 1 1 1 0 1 1 1 1 0 0 0 1 1 0 1 
1 0 1 0 0 0 0 0 1 1 0 1 1 1 0 0 0 1 1 1 0 1 1 1 1 0 1 1 1 1 0 0 1 0 1 0 1 0 1 0 1 1 0 0 1 0 1 
0 0 0 0 1 0 0 0 1 1 0 0 1 0 0 0 0 0 1 1 1 0 1 1 0 1 0 0 1 0 1 1 1 1 1 1 0 1 0 0 0 0 0 0 1 1 1 
1 1 1 0 1 0 0 1 0 1 0 1 1 0 0 1 1 0 1 0 1 1 0 0 1 0 1 0 1 0 0 1 0 1 0 0 1 0 1 0 1 0 1 1 1 0 0 
1 0 1 0 1 0 1 0 0 0 0 1 1 0 0 0 1 1 0 1 1 1 0 0 0 0 0 1 0 0 1 1 1 1 0 0 1 0 1 1 1 1 1 1 0 1 1 
1 0 0 0 0 0 1 1 1 1 0 0 1 1 0 1 1 1 0 0 1 0 1 0 0 0 0 0 0 0 0 0 0 0 1 1 0 0 1 1 0 1 0 1 0 0 0 
1 0 1 1 0 0 0 0 0 0 1 0 1 1 1 1 1 1 0 0 0 1 0 0 0 0 0 1 1 1 0 1 1 1 1 1 0 1 1 1 0 0 1 1 1 1 0 
0 0 1 1 1 1 0 0 0 0 1 0 1 1 1 1 0 1 1 1 1 0 1 0 0 0 0 1 1 1 0 1 0 0 0 0 0 1 1 0 1 0 1 1 0 1 1 
0 1 1 1 1 0 1 0 0 0 1 0 0 1 0 1 0 1 1 0 1 0 0 1 0 1 1 0 1 0 1 0 1 0 0 1 1 1 0 1 0 1 1 1 0 1 0 
1 1 0 1 1 1 1 0 1 1 1 0 0 1 0 0 1 0 1 1 1 1 1 0 0 1 1 1 0 1 1 1 0 0 0 1 0 1 0 1 0 1 1 1 1 0 1 
0 1 1 0 0 0 1 1 0 0 0 1 0 1 1 1 0 0 1 1 1 0 0 0 0 1 1 0 1 0 1 1 0 1 1 0 0 0 1 0 1 1 0 1 0 1 0 
1 1 0 1 1 1 0 1 1 1 1 1 1 0 0 1 0 1 0 0 0 1 0 1 0 0 0 1 1 1 0 1 0 0 1 0 0 1 0 1 0 1 0 0 0 0 1 
0 1 1 0 0 1 1 0 0 0 1 0 0 0 1 1 0 1 1 1 0 1 1 1 0 1 1 0 1 1 1 0 1 0 1 0 1 1 0 0 0 0 0 0 1 1 1 
0 1 0 1 0 0 0 0 0 1 1 1 0 1 1 1 0 1 1 1 1 1 0 1 0 1 0 1 0 0 0 1 0 1 0 1 0 0 1 1 1 0 1 0 0 0 0 
1 0 0 0 0 0 1 1 1 1 1 1 0 0 0 0 0 0 1 1 0 1 1 1 0 1 0 0 0 1 0 0 1 0 0 0 0 1 1 1 1 1 0 1 1 0 1 
1 1 1 1 0 0 0 0 1 1 1 0 0 1 1 0 1 1 0 1 1 1 0 0 1 1 0 0 0 1 1 1 0 0 0 0 1 0 1 1 1 1 1 1 0 1 0 
1 0 1 0 0 0 0 0 1 0 0 0 1 0 0 0 0 0 1 0 0 1 0 0 1 1 0 1 1 0 0 0 1 0 0 0 0 0 1 0 0 1 1 1 1 0 0 
1 1 0 1 1 0 1 0 0 0 0 1 1 0 1 0 1 1 1 1 1 0 1 1 0 0 0 1 0 0 0 1 0 0 1 0 0 1 0 1 0 0 0 0 1 1 0 
1 1 1 1 1 0 1 0 0 1 1 1 1 1 1 0 0 0 1 1 0 1 0 0 0 1 1 1 1 0 1 1 0 1 0 0 1 0 1 1 1 1 1 0 1 1 0 
1 1 1 0 0 1 1 0 0 1 1 1 1 0 0 1 1 0 0 1 1 0 1 1 1 1 1 0 0 1 0 0 1 1 1 1 0 1 0 1 0 0 1 1 1 1 0 
0 0 0 0 1 1 0 1 1 1 1 1 1 0 0 1 1 1 1 1 0 0 0 1 1 1 0 1 1 0 1 0 1 1 1 0 1 1 1 0 1 1 1 1 0 1 0 
0 0 0 0 0 1 1 0 1 0 0 1 0 1 0 0 0 0 1 0 1 0 1 1 0 0 1 0 0 1 0 0 1 1 1 0 0 1 0 1 0 1 1 0 0 0 0 
1 0 0 1 1 0 1 1 1 1 1 1 0 1 0 1 0 1 0 0 1 0 0 1 1 0 0 1 1 1 1 0 0 1 1 1 0 1 0 1 1 0 0 0 1 1 1 
0 1 1 1 0 0 0 0 1 0 0 0 1 0 0 0 1 0 1 0 0 0 1 1 0 1 1 1 1 0 0 0 1 0 1 1 0 1 1 1 1 0 0 0 0 1 0 
0 1 0 0 0 1 0 0 0 0 0 0 1 1 0 1 1 0 0 1 0 0 1 1 1 1 1 1 1 1 0 0 0 1 1 1 0 0 1 1 0 0 0 0 0 1 1 
1 0 0 0 0 1 0 0 0 0 1 1 1 1 0 1 1 1 1 1 1 1 1 0 0 1 0 0 1 0 0 1 0 1 0 1 1 1 1 0 0 1 0 0 0 1 0 
0 0 0 1 0 0 1 0 0 0 0 0 1 1 1 0 0 0 0 0 0 1 0 1 0 1 1 1 0 1 0 1 0 0 1 0 1 1 1 1 0 1 1 1 1 0 0 
0 1 1 0 0 0 1 0 0 0 1 1 0 0 1 0 0 0 1 1 1 1 0 1 0 0 1 0 1 0 1 1 0 1 0 0 0 0 0 0 0 1 0 1 0 0 0 
46
1 1 0 0 1 0 0 1 0 0 0 1 0 0 0 0 0 1 1 0 0 0 1 1 1 0 0 1 0 0 1 0 1 0 0 1 0 0 1 1 1 0 1 1 0 0 
0 1 0 0 1 1 1 1 0 1 0 1 1 0 0 1 1 1 1 1 0 1 1 0 0 1 1 1 0 1 0 1 1 1 1 1 1 1 1 0 1 1 0 0 1 0 
0 0 1 1 1 1 0 1 0 1 0 0 0 0 1 1 0 0 1 0 0 1 1 0 0 1 1 0 0 0 1 1 0 1 1 1 0 0 0 1 1 0 0 1 1 0 
0 0 0 0 0 0 1 1 1 0 0 1 1 0 0 1 1 0 0 0 0 0 1 1 1 1 0 0 0 1 0 0 1 0 0 0 1 1 0 1 1 0 1 1 1 0 
1 0 0 0 0 0 0 0 1 0 0 1 1 1 0 0 1 1 1 0 1 1 1 0 0 1 0 0 0 1 0 0 1 1 0 1 0 0 0 0 1 1 0 1 1 0 
1 0 0 0 1 1 0 1 0 0 1 0 1 0 1 1 1 1 0 0 0 0 0 1 0 0 0 0 1 1 0 0 0 0 1 0 0 1 0 0 1 1 0 0 1 0 
1 0 0 1 0 0 1 1 0 1 0 0 1 0 1 1 1 1 0 1 1 0 1 1 0 1 0 1 0 1 0 0 1 1 1 1 1 0 1 1 0 0 1 0 1 1 
1 0 0 1 0 0 0 0 0 0 1 1 0 0 0 1 1 0 1 0 1 0 1 0 1 0 0 0 0 1 0 1 1 1 0 1 1 0 1 1 0 0 0 0 0 1 
0 1 0 0 1 0 0 0 0 0 0 0 1 0 0 0 1 1 0 0 0 1 0 1 1 1 0 0 1 1 1 0 0 1 0 1 0 1 1 0 0 0 0 0 0 1 
1 1 0 1 1 0 0 0 0 0 1 1 0 1 1 0 0 0 1 0 1 1 1 0 1 0 1 0 1 1 1 0 1 1 1 1 1 1 0 1 1 1 0 0 1 0 
0 1 1 0 0 0 0 0 0 1 1 0 0 1 0 1 0 1 0 1 0 0 1 1 0 1 0 1 0 1 1 1 1 1 0 1 1 1 0 0 0 0 0 1 0 0 
1 0 0 0 1 0 0 0 1 0 0 0 0 0 1 0 0 0 0 1 0 0 1 1 1 1 0 0 1 1 0 1 0 0 1 0 1 1 0 1 0 1 1 1 0 0 
0 0 0 1 0 1 0 1 1 0 0 0 1 0 0 0 1 0 1 1 0 0 1 0 1 0 0 0 1 1 0 0 0 0 0 0 1 0 0 1 0 0 1 1 1 1 
0 1 1 0 0 1 0 1 0 0 0 0 0 1 1 0 0 1 1 0 0 0 1 0 0 0 0 0 0 0 0 1 0 0 1 1 0 0 0 0 1 0 1 1 1 1 
0 1 1 1 1 0 1 0 0 0 1 0 0 0 0 1 1 1 0 1 1 0 0 1 1 0 1 0 0 1 1 1 0 0 0 1 1 0 1 0 0 0 0 1 1 1 
0 0 1 0 0 0 0 1 1 0 0 1 0 0 0 1 1 1 0 0 1 0 1 1 1 0 1 0 0 1 1 0 0 0 0 1 0 1 0 1 0 0 0 0 1 0 
1 0 0 1 1 0 0 1 0 1 0 1 0 0 0 1 0 0 1 1 1 0 0 1 1 0 1 1 0 0 0 1 1 1 0 0 0 1 0 0 0 0 0 0 0 1 
1 1 0 1 1 1 0 0 1 0 0 0 1 1 1 0 0 0 0 1 1 0 0 0 0 0 1 1 1 1 0 0 1 0 0 0 1 0 0 1 0 1 0 0 1 0 
0 1 1 1 1 1 1 0 0 0 1 0 1 1 0 0 0 0 0 1 1 1 1 0 1 1 0 1 1 0 0 1 0 1 0 1 1 1 1 0 0 0 0 0 0 1 
0 0 1 1 1 0 1 0 1 0 0 1 1 1 0 0 0 0 0 0 1 0 0 0 1 0 1 0 1 1 1 0 1 0 0 1 0 0 1 0 0 1 0 0 1 0 
1 0 1 0 0 1 0 1 0 0 1 1 0 0 1 0 0 0 0 1 0 1 0 0 0 0 1 0 1 1 1 0 0 0 0 1 0 1 0 1 0 0 1 1 0 1 
0 0 0 0 1 0 0 0 1 1 1 0 1 0 1 1 1 0 1 0 0 1 1 0 1 0 1 1 1 1 0 0 1 0 1 1 0 1 1 1 0 0 0 0 0 1 
0 0 1 0 1 1 0 1 0 0 0 0 1 1 1 1 1 1 0 0 0 0 1 1 0 0 0 1 1 0 1 0 1 0 1 1 0 1 1 1 0 1 0 0 1 0 
1 0 1 0 0 0 1 1 0 0 0 0 0 0 0 0 1 0 1 1 0 0 1 0 0 0 0 1 1 0 1 0 0 0 1 1 0 1 1 1 1 0 1 0 1 0 
1 1 1 0 1 1 0 1 1 1 1 1 0 1 0 0 1 0 0 1 1 1 0 1 1 1 1 0 1 1 0 0 0 0 1 1 1 1 1 1 0 0 1 1 0 0 
0 1 0 1 1 0 1 0 1 1 0 0 1 1 1 0 0 0 0 0 1 0 1 0 1 1 0 0 0 0 1 0 0 0 1 1 0 0 1 1 1 1 0 0 1 0 
0 1 0 0 0 1 1 1 0 1 1 0 1 1 1 0 1 1 0 1 0 0 1 1 0 1 1 0 0 1 0 0 1 0 0 0 1 1 0 1 0 0 1 1 0 0 
1 1 1 0 1 0 1 0 1 1 0 0 0 0 0 0 1 0 0 0 0 0 1 1 1 0 0 0 1 0 1 0 1 0 0 0 0 1 0 0 0 1 0 0 0 1 
1 0 0 0 0 0 0 1 0 0 0 0 1 1 1 1 0 1 1 1 0 0 1 0 1 0 0 1 0 0 0 0 0 0 0 1 0 1 1 1 0 1 0 1 1 0 
0 0 0 0 1 0 0 0 1 0 0 0 0 0 1 1 1 0 0 1 1 1 0 0 0 0 1 0 1 1 1 1 0 0 1 0 0 1 0 1 1 1 1 1 0 0 
0 0 0 1 0 0 1 1 0 1 1 0 0 0 0 1 1 1 1 1 1 1 1 0 0 1 0 1 0 0 1 1 1 0 0 0 1 0 1 0 0 1 0 1 0 0 
0 1 1 1 1 1 1 1 1 1 1 0 1 1 0 1 0 1 1 1 0 0 1 0 1 0 0 1 0 0 0 0 1 0 1 1 0 1 0 1 0 0 0 0 0 0 
1 0 0 0 0 0 1 1 1 0 0 0 1 1 0 0 0 1 1 0 1 1 0 1 0 1 0 1 1 0 0 1 0 1 0 0 0 0 1 0 1 0 0 1 0 1 
1 0 0 0 0 1 0 0 1 1 0 1 1 0 1 0 1 0 0 0 0 0 0 0 0 0 0 1 1 0 1 0 1 0 1 0 1 1 0 1 0 1 0 1 1 0 
0 1 1 0 1 1 0 1 1 0 0 0 0 0 1 1 0 1 0 1 1 0 0 0 1 1 0 0 1 1 0 1 0 0 1 0 1 0 1 1 0 1 0 0 0 1 
1 0 1 0 1 1 1 1 1 0 0 0 0 0 1 0 1 0 0 0 0 0 0 0 0 0 0 0 0 0 1 0 0 0 1 1 0 1 0 0 1 1 1 1 1 0 
1 0 0 1 1 0 0 1 0 1 0 1 0 0 0 0 0 0 0 1 1 1 1 1 0 0 0 1 0 1 0 1 1 1 0 0 1 0 0 0 0 0 1 1 1 0 
1 0 1 0 1 1 1 1 1 0 0 1 1 1 0 0 1 1 1 1 1 1 1 1 0 0 1 0 0 1 0 0 0 1 0 0 0 1 1 0 1 1 0 1 1 0 
0 1 0 0 1 1 0 1 1 1 1 0 1 0 0 1 1 0 0 0 0 0 1 0 1 0 0 0 1 0 0 1 1 0 1 0 0 1 1 0 1 0 0 0 1 0 
0 1 0 1 0 0 1 1 1 1 0 0 0 1 1 0 1 0 1 1 1 1 1 0 1 1 1 1 0 1 0 1 0 1 0 1 1 0 1 0 0 1 0 0 1 0 
0 0 0 0 1 1 1 0 0 0 0 0 1 0 0 0 1 1 0 1 1 1 1 1 0 0 1 0 1 0 1 0 1 0 0 1 1 1 0 0 1 1 0 0 1 1 
1 1 0 0 1 1 0 1 0 1 1 0 0 1 0 1 0 0 1 1 1 1 1 1 1 0 1 1 0 1 0 1 1 0 0 0 0 0 0 0 1 1 0 1 0 0 
1 1 1 1 0 0 0 1 0 0 0 1 0 0 0 0 0 0 0 0 0 1 0 1 0 0 0 1 0 0 1 0 0 1 0 1 1 0 1 1 0 1 0 1 0 1 
0 0 1 1 0 0 0 1 0 1 0 0 0 0 0 1 0 1 0 0 1 0 0 1 0 1 1 1 1 0 0 1 1 1 0 1 0 1 1 1 1 0 0 1 0 1 
0 1 0 0 1 0 0 0 0 1 1 1 0 0 0 0 0 0 1 0 0 1 1 0 1 0 0 1 0 0 0 0 0 1 1 0 0 0 0 0 0 0 0 0 1 0 
1 1 1 0 0 0 0 0 1 1 1 1 1 0 0 0 0 0 1 0 0 0 1 0 1 0 1 1 1 0 1 1 0 1 1 1 0 0 0 1 1 1 0 0 0 1 
1 1 1 1 1 0 0 1 0 0 1 1 1 1 0 1 0 1 0 0 1 1 0 1 0 0 1 0 0 0 0 1 0 1 1 1 1 1 1 0 0 0 1 0 0 0 
0 0 0 0 1 1 1 0 0 0 1 1 1 0 1 0 1 0 1 1 0 0 0 0 0 1 0 0 0 0 1 0 1 0 0 0 0 0 1 0 1 1 0 1 0 0 
22
0 1 0 0 1 1 0 1 1 0 0 0 1 1 0 0 0 0 0 0 1 0 
0 0 1 0 0 1 1 0 1 0 1 1 0 1 1 1 0 1 1 1 1 1 
0 1 0 0 0 1 1 0 0 1 0 1 0 0 0 0 0 1 0 0 1 0 
1 0 0 0 0 1 0 0 1 1 0 0 0 1 0 1 1 1 1 0 0 1 
0 0 0 1 1 0 1 0 1 0 0 1 1 0 0 1 0 0 0 0 1 1 
0 0 1 0 1 1 0 0 0 1 1 1 1 1 1 0 1 0 1 1 0 1 
0 0 1 1 0 0 0 1 1 1 1 1 0 1 1 1 0 1 1 1 1 1 
1 1 0 1 0 0 0 0 1 1 0 1 1 0 1 1 1 0 1 1 1 0 
1 0 1 0 0 0 0 0 1 0 0 1 1 0 1 1 1 0 1 0 1 0 
0 0 0 0 1 0 0 0 0 0 0 1 0 1 0 1 0 0 0 1 1 1 
0 1 1 0 1 1 1 0 0 0 0 1 0 0 0 1 0 1 0 1 0 1 
1 1 0 1 1 1 0 0 0 0 0 1 1 1 0 0 1 0 0 1 1 0 
0 0 0 1 1 0 0 0 0 0 0 0 0 0 0 1 0 0 1 1 0 1 
1 0 1 1 1 1 1 1 1 1 0 0 0 1 0 1 0 1 0 0 1 1 
0 0 1 1 0 1 1 0 0 1 0 0 0 0 0 1 0 1 0 0 0 1 
0 1 0 1 1 0 0 1 0 1 0 1 0 0 0 1 1 1 0 1 1 0 
0 0 0 1 1 1 1 0 0 0 0 0 0 0 0 1 0 0 0 0 1 0 
0 1 1 0 1 1 1 1 1 0 1 1 1 1 1 0 0 1 0 0 1 1 
0 1 0 1 0 1 1 0 0 1 0 0 0 1 0 0 0 1 1 1 0 1 
1 1 0 0 1 0 0 0 1 0 0 1 1 1 0 1 1 0 0 0 1 0 
0 1 0 1 1 1 1 0 0 0 1 0 0 0 0 0 1 0 0 1 1 1 
0 0 0 1 1 1 0 1 1 1 1 0 0 1 0 0 1 0 1 0 1 0 
1 0 1 0 1 1 1 1 0 1 0 1 0 1 1 1 0 1 1 1 0 0 
0 1 1 1 1 0 0 1 1 0 1 1 1 0 0 1 1 0 1 0 0 0 
14
1 1 0 0 1 0 1 0 1 1 1 0 0 1 
1 0 1 0 0 1 1 1 0 1 1 1 1 1 
0 0 1 0 0 0 0 0 0 1 1 1 0 0 
0 0 1 1 1 1 0 1 0 1 1 1 0 0 
1 1 0 1 0 1 0 1 0 0 0 0 1 1 
0 1 1 0 0 0 1 0 0 0 1 0 0 1 
0 1 0 0 0 0 1 0 0 0 0 0 0 1 
0 1 1 0 0 0 0 0 0 1 1 0 0 0 
0 0 0 1 1 0 0 1 1 0 0 0 0 1 
0 1 1 0 0 0 1 0 1 0 0 0 1 0 
0 0 0 0 0 0 1 1 0 0 0 0 0 1 
1 1 0 0 0 1 0 0 0 0 1 1 0 1 
1 1 0 1 0 1 0 0 0 1 0 1 0 1 
1 1 0 0 0 0 0 0 0 1 1 0 1 1 
0 0 1 0 0 0 0 1 0 0 0 1 0 0 
0 0 1 1 1 0 1 0 1 1 1 1 0 0 
26
1 1 0 0 0 1 1 1 0 0 1 1 0 0 1 0 1 0 1 0 1 1 1 0 1 0 
1 1 0 0 0 1 0 1 1 1 1 1 1 0 0 0 1 0 0 1 1 1 0 0 0 1 
0 0 1 0 0 0 0 1 0 0 1 0 0 0 1 0 1 1 0 1 1 0 0 0 0 1 
0 0 1 0 1 0 1 1 0 1 0 1 1 1 1 0 1 0 1 1 1 0 0 1 0 0 
1 1 0 0 0 0 1 0 0 1 0 1 0 1 1 1 0 1 0 0 0 1 1 0 0 0 
0 0 0 0 1 1 1 1 1 1 1 0 1 0 0 0 0 1 0 0 0 0 1 1 0 0 
0 1 0 1 0 0 0 1 0 1 0 0 1 1 0 0 1 1 1 1 1 1 0 0 1 1 
0 0 0 1 0 0 1 1 0 0 1 0 1 1 1 1 1 0 0 0 1 1 0 0 1 1 
0 1 1 1 0 1 0 1 1 1 0 0 0 0 1 0 1 0 0 1 0 1 1 0 0 0 
1 1 0 1 1 1 1 0 1 0 0 0 1 0 1 0 1 1 0 0 1 0 0 1 1 0 
0 0 0 1 0 0 1 1 0 0 0 0 1 1 1 1 0 0 0 0 0 0 0 1 1 0 
0 1 1 1 1 0 1 0 0 0 1 0 0 1 1 1 0 0 1 0 1 1 1 1 1 0 
1 0 0 1 0 1 0 0 0 1 0 1 0 1 0 0 0 0 1 0 0 0 0 1 0 0 
0 1 1 0 0 0 0 0 0 0 1 0 1 1 0 1 0 1 1 1 1 0 0 1 0 0 
0 1 0 1 1 1 0 1 1 0 0 1 0 1 1 0 0 1 1 1 0 0 0 1 1 0 
0 1 1 0 1 1 0 0 1 1 1 1 1 0 1 0 1 0 1 1 0 0 1 1 0 0 
1 1 1 0 0 1 1 1 1 1 0 0 1 1 0 0 0 1 0 1 1 1 0 0 1 0 
0 0 1 0 0 1 0 0 1 1 0 1 0 0 0 0 0 0 1 1 0 1 0 1 1 1 
1 1 0 0 1 1 1 1 0 0 0 0 0 1 0 0 0 0 1 0 1 0 1 0 1 1 
1 0 1 1 1 0 0 1 0 0 0 1 1 0 1 0 0 0 0 0 0 1 1 1 1 0 
0 1 0 0 1 0 0 0 0 1 1 1 1 1 0 1 1 0 0 0 1 0 0 1 0 0 
1 1 0 0 1 0 1 0 0 0 0 1 1 1 1 1 0 0 0 0 0 1 0 0 0 1 
1 1 0 0 1 1 0 1 0 1 0 1 0 0 1 0 1 0 1 0 0 0 0 0 1 1 
0 0 1 0 1 1 1 0 0 1 0 0 0 0 1 1 0 1 0 1 0 0 1 0 0 1 
0 0 1 1 0 0 1 0 0 1 0 0 0 1 0 0 1 1 0 0 0 1 0 0 0 0 
0 1 0 1 0 0 0 1 1 1 1 1 1 1 0 1 0 1 1 0 0 0 0 0 0 0 
0 0 0 0 1 1 0 1 1 1 0 0 1 0 1 1 1 1 0 0 1 0 0 0 0 0 
1 0 0 0 1 1 0 0 0 0 0 0 0 0 0 1 1 0 0 1 1 1 0 0 0 0 
40
0 1 1 1 1 0 0 1 1 0 0 1 0 0 1 1 0 1 0 0 1 1 1 1 1 1 0 1 0 1 0 0 1 0 1 0 1 1 1 0 
0 1 1 1 0 1 1 0 1 1 0 1 0 0 0 0 0 0 1 0 1 1 0 1 1 0 1 1 0 0 1 0 0 0 0 1 1 0 0 1 
0 1 0 1 0 1 0 0 0 0 1 1 1 0 0 0 0 1 1 1 0 1 0 1 0 1 1 0 0 1 0 0 1 0 1 0 1 0 1 0 
1 0 0 1 1 0 1 0 1 0 0 1 1 1 0 1 1 0 1 0 0 0 1 1 0 1 0 1 1 0 0 1 1 0 0 0 1 0 0 1 
0 0 0 0 0 1 1 1 0 0 0 1 1 1 1 0 0 0 1 1 0 1 1 0 1 1 1 1 0 1 1 0 0 1 1 0 1 0 0 0 
1 1 0 0 0 0 0 1 1 1 1 0 0 1 1 0 1 1 1 1 1 1 0 1 1 0 1 0 0 0 1 0 1 1 1 0 0 0 0 0 
0 1 0 0 0 0 1 1 1 0 0 1 0 0 0 1 1 0 0 1 0 0 0 1 1 0 0 0 1 0 0 1 0 1 1 0 1 0 1 1 
1 0 1 0 0 0 1 0 0 0 1 1 0 0 0 1 0 1 1 0 0 0 0 0 1 1 0 0 1 1 1 1 0 1 0 1 0 0 0 0 
0 1 1 0 1 1 0 1 1 1 0 1 1 1 0 0 0 0 0 1 1 0 0 1 1 1 1 0 0 1 1 1 1 1 1 0 0 1 0 1 
0 0 1 1 1 0 1 0 1 1 0 0 1 1 0 0 1 0 0 0 1 0 0 1 1 0 0 1 1 0 1 0 1 1 1 1 0 1 0 1 
0 1 0 1 1 0 1 1 0 0 0 0 0 1 0 1 1 0 0 1 0 1 0 0 1 0 0 1 0 0 1 1 0 0 1 1 1 0 1 0 
0 0 0 1 0 0 1 1 0 0 1 1 1 0 1 0 0 0 1 0 0 1 1 0 0 1 1 1 0 1 0 0 1 1 1 1 1 0 1 1 
1 0 0 1 0 1 0 0 0 1 0 1 1 0 1 0 1 1 1 0 1 0 1 0 1 1 1 0 1 0 1 0 1 0 0 1 1 1 1 0 
1 1 1 0 1 1 1 0 0 1 1 0 1 0 0 1 1 1 1 0 1 0 1 1 1 1 0 1 1 0 0 1 1 1 0 1 1 1 1 0 
1 1 1 0 0 0 1 1 0 1 1 1 0 1 1 0 1 0 0 0 1 1 1 0 1 0 0 1 0 0 0 0 0 0 1 0 1 0 0 1 
0 1 1 1 0 0 1 1 1 0 0 0 1 0 0 1 1 0 0 1 1 1 0 1 1 0 1 0 0 0 0 0 0 1 1 1 1 0 0 0 
0 0 1 1 0 0 0 0 0 1 1 0 1 0 0 0 0 0 0 1 1 1 1 0 0 1 0 0 1 0 0 1 0 1 0 1 0 0 1 1 
0 1 0 0 1 1 0 0 1 0 0 1 0 1 0 0 0 0 0 1 1 0 0 1 1 1 1 0 1 1 1 1 0 0 0 0 1 0 1 1 
0 1 0 1 1 0 0 1 1 0 1 1 1 1 0 0 0 1 1 1 1 0 1 1 1 1 1 0 0 1 0 0 0 0 0 0 1 0 1 0 
1 0 0 1 0 1 0 0 0 0 1 1 0 0 0 0 1 0 1 1 0 0 1 1 0 1 1 0 1 0 0 1 0 1 0 1 0 1 0 1 
1 1 1 1 0 1 0 0 0 1 1 1 0 0 0 0 1 1 0 0 1 1 0 0 0 1 1 1 1 1 1 1 1 0 1 1 0 1 0 1 
1 0 1 1 1 0 1 0 1 0 0 0 0 1 1 1 1 1 0 0 1 0 1 1 1 1 1 1 1 0 1 1 1 1 0 0 1 1 1 0 
0 0 0 1 0 0 1 1 0 0 1 1 1 1 1 1 1 0 1 1 0 0 1 1 0 0 1 1 0 1 0 0 0 1 0 1 1 0 0 0 
1 0 1 1 0 0 0 0 1 1 0 0 1 1 1 0 0 0 1 0 0 0 0 0 0 0 0 1 1 0 0 0 1 0 0 0 1 1 0 0 
0 1 1 0 0 0 0 0 0 1 1 1 1 0 1 0 1 1 0 1 1 0 0 0 1 1 0 1 1 1 0 0 0 1 1 1 1 1 0 1 
1 1 0 1 1 0 1 1 0 0 0 1 0 1 0 1 1 1 0 1 1 0 0 0 0 1 1 0 1 1 1 1 1 0 1 1 1 1 1 0 
0 0 1 1 1 1 1 1 1 0 1 1 1 1 0 1 1 0 0 1 0 0 1 0 0 0 0 0 0 0 1 1 0 0 1 0 1 0 0 0 
1 1 1 0 0 1 1 0 0 1 1 1 0 0 1 1 1 1 1 1 0 0 1 1 0 0 1 0 1 1 0 0 0 0 1 1 1 1 1 0 
1 0 1 1 0 0 1 0 0 1 1 0 0 1 0 1 1 1 1 1 1 0 0 1 0 1 0 0 0 0 0 0 1 1 0 0 0 1 0 0 
0 1 1 0 0 0 0 1 1 1 0 1 1 0 0 0 0 0 1 1 1 1 1 0 0 0 0 0 1 0 0 1 1 0 1 1 1 1 0 0 
0 1 0 0 1 1 0 1 0 0 1 1 0 0 1 1 0 1 1 1 0 1 1 1 0 1 0 1 0 1 0 1 1 0 0 1 0 0 0 0 
1 0 1 0 0 1 1 0 0 1 0 0 0 0 0 1 1 0 1 0 1 0 1 1 0 1 0 0 1 0 0 0 0 0 0 1 0 0 1 1 
0 0 1 1 0 1 1 1 1 0 1 0 0 0 0 1 0 0 1 1 0 0 0 1 1 0 0 0 0 0 0 1 1 0 1 1 1 1 1 0 
0 1 0 0 1 1 1 0 1 0 0 1 0 0 1 1 0 1 1 1 0 0 0 1 1 0 0 1 1 0 1 0 0 1 0 1 0 1 1 1 
1 1 0 1 0 0 1 1 0 1 1 1 0 0 0 0 0 0 1 1 0 1 0 1 0 0 1 1 1 0 1 0 0 0 1 1 0 0 1 1 
0 0 1 1 1 1 1 1 0 1 0 1 0 1 1 0 0 1 0 1 1 0 1 0 0 0 1 0 0 0 0 1 0 0 1 0 0 0 0 1 
1 0 1 1 1 0 1 1 1 1 0 0 1 1 0 0 0 0 1 0 0 0 1 1 1 1 0 1 0 0 1 0 1 1 0 0 1 0 1 1 
0 0 0 0 0 1 0 1 1 1 1 1 0 1 1 0 0 1 1 0 1 0 1 1 0 1 0 1 1 1 1 1 1 0 0 0 1 0 1 0 
1 1 1 0 1 0 0 0 1 1 1 1 1 1 0 1 1 0 0 1 1 1 1 1 1 1 0 1 0 0 1 0 0 0 1 1 0 0 1 1 
0 0 0 0 0 0 1 1 0 0 1 1 0 0 0 0 0 1 1 1 0 1 1 1 0 1 1 1 0 0 1 1 0 0 0 0 0 0 1 1 
1 0 0 0 1 0 0 0 1 1 1 1 0 0 1 1 1 0 0 1 0 0 0 1 0 1 0 0 0 1 1 1 1 0 1 1 1 1 0 0 
0 1 0 0 1 0 1 1 0 1 0 0 1 0 1 1 0 1 1 0 0 0 1 0 0 0 0 0 0 1 0 1 1 1 1 0 1 1 0 0 
5
0 1 1 0 1 
0 0 0 0 1 
0 0 1 1 1 
0 0 1 1 0 
1 1 0 1 1 
1 1 1 0 1 
1 0 1 1 0 
15
1 1 1 0 0 1 0 1 1 0 0 0 1 1 0 
0 1 0 1 1 0 1 1 0 1 1 0 1 0 1 
0 0 1 1 1 0 0 0 0 1 0 0 0 0 1 
0 0 1 1 0 0 0 1 0 0 1 0 0 1 0 
1 1 0 0 0 0 0 0 0 1 1 1 0 1 0 
1 1 0 0 1 1 1 1 0 1 1 0 1 1 1 
1 0 0 1 0 1 0 1 0 0 1 0 1 1 0 
0 0 0 1 1 0 1 0 1 1 1 0 1 1 0 
0 0 0 1 0 1 0 1 1 0 0 0 0 1 0 
0 1 0 1 1 0 1 0 0 1 1 1 1 0 1 
0 0 0 0 0 1 1 0 0 0 0 1 0 1 1 
1 0 1 1 0 1 0 1 0 0 1 0 1 1 1 
0 1 1 1 1 1 0 1 0 1 0 0 0 1 1 
0 0 1 0 0 0 0 1 1 0 0 0 1 1 1 
0 0 0 1 1 1 0 1 0 1 0 1 0 1 1 
0 1 1 1 1 1 1 0 1 1 1 1 1 0 1 
1 0 0 1 0 0 0 1 1 1 1 1 1 1 0 
21
0 0 0 1 0 0 0 0 0 1 0 1 0 0 0 0 1 1 1 0 1 
1 0 0 0 0 0 1 1 0 0 1 0 1 0 0 0 1 1 1 0 1 
0 1 1 1 0 0 0 0 0 0 0 0 1 1 0 0 0 0 1 0 0 
1 0 0 1 1 0 0 1 0 0 1 0 0 1 0 0 0 0 1 0 0 
1 0 0 0 0 0 1 0 1 1 0 0 1 0 0 1 0 0 1 0 0 
1 1 0 0 0 0 1 0 1 0 1 0 1 1 0 0 1 1 1 0 0 
0 1 0 0 0 1 0 0 0 1 1 0 1 0 1 0 0 0 1 1 1 
0 0 0 0 1 0 1 1 0 1 1 1 0 0 1 1 1 0 1 1 1 
0 0 1 1 0 1 0 0 1 1 1 0 1 0 1 1 1 1 1 0 0 
0 1 0 0 0 1 0 0 0 0 1 0 0 1 1 1 1 1 0 0 1 
0 0 1 1 0 0 1 0 0 0 1 1 0 0 1 1 0 1 1 0 1 
0 0 1 0 1 1 1 0 0 0 1 1 0 1 1 1 0 1 1 1 1 
0 1 0 1 1 1 1 1 1 1 0 0 1 0 0 1 1 0 0 0 0 
0 0 0 0 0 1 0 0 1 1 0 0 0 1 1 0 0 0 0 1 0 
1 0 1 1 1 0 1 0 0 0 1 0 0 1 1 0 1 1 1 1 1 
1 1 0 1 0 0 0 1 0 1 0 1 1 0 0 0 1 1 1 1 1 
0 0 0 0 1 1 1 1 1 1 0 1 1 0 0 0 0 1 1 1 1 
0 0 1 0 0 1 1 1 1 1 1 0 0 0 0 0 1 0 1 1 1 
0 0 0 1 0 1 1 1 0 0 1 0 1 1 0 1 0 0 1 1 1 
0 0 0 1 0 0 1 1 1 1 0 0 1 1 1 0 0 0 1 0 1 
1 1 1 1 1 1 1 0 1 1 0 0 1 1 1 1 1 1 0 0 1 
0 0 0 0 1 1 0 0 0 1 0 1 1 1 1 1 1 0 0 0 0 
0 0 0 0 1 1 0 1 1 1 0 0 1 1 1 1 1 1 1 0 0 
11
0 1 1 1 0 0 0 0 0 1 0 
1 0 0 0 0 0 1 1 0 1 1 
0 1 0 1 0 1 0 0 1 1 1 
1 0 1 0 1 0 1 1 0 0 0 
0 1 0 0 1 1 1 0 1 0 1 
1 0 0 0 1 1 1 0 1 1 1 
0 1 1 1 0 0 0 0 1 0 0 
1 0 1 1 0 0 0 0 0 1 0 
0 1 1 1 0 0 0 0 0 1 1 
0 1 0 0 0 0 0 0 0 1 1 
1 0 1 1 1 0 0 0 0 1 1 
1 0 0 1 0 1 1 1 1 0 0 
1 0 1 1 0 0 1 1 1 0 0 
48
0 1 1 0 1 1 1 0 0 1 1 0 1 1 0 1 0 1 0 0 0 1 1 1 0 0 0 1 1 0 1 1 0 1 1 0 1 0 1 1 0 1 0 1 1 1 1 0 
0 1 1 1 1 1 0 1 1 1 0 1 0 0 1 0 1 1 1 0 0 0 1 0 0 1 0 0 1 1 1 1 0 1 1 1 1 0 0 0 0 1 1 0 1 1 1 0 
0 0 1 1 0 0 1 0 1 0 0 0 1 1 1 0 1 1 1 0 0 1 1 1 0 1 1 0 0 1 1 0 0 1 1 1 1 0 0 1 1 1 0 1 1 0 0 1 
0 0 0 1 1 1 0 0 1 0 0 0 1 1 0 0 0 0 1 0 1 1 0 1 0 0 0 1 1 0 1 0 1 0 0 1 0 1 0 0 0 1 0 1 1 1 0 0 
1 0 0 0 0 0 0 1 0 0 0 1 1 1 1 1 1 1 0 0 1 0 0 0 1 0 1 0 0 1 0 1 1 1 1 0 1 0 1 1 1 1 0 1 0 1 0 0 
1 1 0 0 0 0 1 0 1 1 0 1 0 1 0 1 1 0 0 1 1 1 0 0 1 0 1 0 0 0 1 0 1 0 0 1 0 0 0 1 0 0 0 1 0 0 0 0 
0 1 0 0 0 1 1 1 0 1 0 0 1 0 0 1 1 1 1 0 1 1 1 0 0 0 1 1 1 0 1 0 1 0 1 1 0 0 0 0 0 0 1 1 1 1 0 0 
0 1 0 0 1 0 0 1 1 0 1 1 1 1 0 0 1 0 0 0 1 1 1 0 1 0 1 0 0 0 0 0 0 0 0 0 0 1 0 0 1 1 0 1 1 1 1 0 
1 0 0 1 1 0 0 0 1 0 0 0 0 0 0 0 0 0 0 0 1 0 1 0 0 0 1 0 0 1 0 0 1 1 1 0 1 0 1 1 0 1 1 0 1 1 1 1 
0 0 1 0 1 1 0 0 1 1 0 0 0 1 1 0 1 1 1 1 1 1 0 1 1 0 1 1 1 1 1 1 1 1 1 0 1 0 1 0 1 0 1 1 0 1 1 1 
1 1 0 1 0 1 1 1 0 0 0 1 1 1 0 0 1 0 1 1 1 0 0 0 0 1 1 0 1 1 1 0 0 1 1 1 1 0 0 0 0 0 1 1 1 1 0 0 
0 0 0 1 1 0 0 1 0 0 1 1 0 0 0 1 0 0 1 1 1 1 1 1 1 0 0 0 0 0 0 0 1 0 0 1 1 1 1 0 1 1 1 1 1 1 1 0 
0 0 0 0 0 1 0 0 0 1 0 0 0 0 0 0 0 0 0 1 0 1 1 1 1 0 0 0 1 0 1 0 1 1 1 0 1 0 0 0 0 0 1 0 0 1 0 0 
0 0 1 1 0 1 0 0 1 1 0 0 0 1 1 1 1 0 1 0 0 0 1 0 1 0 1 1 1 0 0 1 1 1 0 0 1 0 1 1 0 0 0 0 1 0 0 0 
1 1 1 0 1 1 0 0 1 0 0 0 0 1 1 0 1 0 0 0 1 1 1 0 0 0 1 1 1 1 1 0 1 1 1 0 1 0 1 0 0 1 0 0 0 0 1 0 
1 1 1 1 0 1 0 1 1 0 0 1 1 0 1 1 1 1 0 0 0 1 0 1 0 1 1 1 1 1 0 0 1 0 0 0 1 0 1 1 0 1 1 0 0 0 0 1 
1 0 1 0 0 0 0 1 0 0 0 1 1 1 0 1 1 1 1 0 1 1 0 1 1 1 0 0 1 0 0 0 1 0 1 0 0 1 1 1 0 1 0 0 1 0 1 1 
0 0 1 1 1 0 0 0 0 1 0 1 0 1 1 0 1 0 1 0 0 0 1 1 1 1 0 1 1 1 0 1 0 1 0 0 1 1 1 0 0 0 1 0 1 1 1 0 
1 0 1 1 1 1 0 1 1 0 0 1 1 1 1 1 0 1 1 1 1 0 1 0 0 0 1 0 0 0 1 0 0 0 1 0 1 1 1 0 0 1 0 0 1 1 1 1 
1 0 1 0 1 0 0 1 0 0 0 0 0 1 1 0 1 0 1 0 0 0 0 0 1 0 1 1 1 0 0 0 0 1 1 1 0 1 0 0 0 0 0 0 1 0 0 0 
1 1 0 0 1 0 0 1 1 1 0 1 0 0 1 1 1 1 0 0 0 1 1 0 1 1 1 0 0 1 0 0 0 1 0 0 1 0 1 0 1 0 1 0 1 1 1 1 
0 0 0 1 0 0 0 1 1 1 1 0 0 0 0 0 1 0 0 0 0 0 0 0 0 1 0 1 1 1 1 1 0 1 1 1 1 1 1 0 0 0 0 0 1 0 1 1 
0 1 1 1 1 1 1 1 1 1 0 0 1 0 1 0 1 0 0 0 0 0 1 1 1 1 1 1 0 1 0 0 0 0 0 1 1 0 0 1 0 1 1 1 0 1 0 0 
1 1 0 1 1 1 0 1 0 1 1 0 1 1 1 0 0 0 1 0 0 0 0 1 1 0 1 1 1 1 1 0 1 0 0 0 0 1 1 0 1 0 1 0 0 0 0 0 
1 0 0 0 1 1 1 0 0 1 1 1 1 0 0 1 1 0 1 0 1 0 0 0 0 1 0 1 0 1 1 1 1 0 1 0 1 1 0 1 1 0 1 0 0 1 1 0 
1 1 0 0 0 0 0 1 0 1 1 0 0 1 1 1 0 0 0 0 1 1 0 0 0 0 0 0 0 1 1 0 1 1 1 0 1 0 0 0 1 1 0 1 0 1 1 1 
0 0 1 1 0 1 0 1 0 1 1 1 0 0 1 1 0 1 1 0 1 1 0 0 0 0 0 1 0 0 0 0 0 0 0 1 0 1 1 0 1 0 1 1 1 0 0 0 
1 0 0 0 0 0 0 0 1 0 0 0 0 1 1 1 0 0 1 1 1 0 1 0 0 0 1 0 1 0 1 1 1 1 0 1 0 0 0 1 0 0 0 1 0 0 1 0 
1 0 1 1 1 1 1 1 1 0 0 1 1 1 0 0 1 1 1 0 1 1 0 0 0 1 0 0 1 0 1 1 0 0 0 0 0 0 0 0 0 1 0 1 1 1 1 0 
0 1 0 0 1 0 0 1 0 0 0 1 1 1 0 1 0 1 0 1 1 1 1 0 1 0 0 0 0 1 0 0 1 0 1 0 1 1 1 1 1 1 0 0 0 0 1 0 
0 1 0 0 1 0 0 1 1 0 1 1 1 1 1 1 0 1 0 1 0 1 0 0 0 1 1 0 0 0 0 0 1 0 0 0 1 1 1 0 0 0 0 1 0 1 1 0 
1 0 1 0 0 0 1 1 1 0 0 0 1 1 0 1 0 0 1 1 1 1 1 1 0 0 0 1 0 0 0 0 1 1 0 0 1 0 0 0 1 1 1 0 0 0 0 1 
1 1 0 1 1 0 0 1 1 0 1 0 1 0 0 0 1 0 0 1 0 1 1 1 0 1 1 0 0 0 0 0 0 0 1 1 1 0 0 1 1 1 0 1 1 0 0 0 
0 0 1 0 0 0 0 1 0 0 0 1 0 0 0 1 0 0 0 1 0 0 1 0 0 1 1 0 0 0 0 0 1 0 1 0 1 0 0 0 0 0 1 1 0 1 1 0 
0 1 1 1 1 0 1 1 0 1 1 1 1 1 1 0 0 0 0 0 0 1 1 1 0 1 0 1 1 1 0 1 0 0 0 0 1 1 0 0 0 1 1 1 1 1 0 1 
1 0 1 0 0 0 1 1 1 0 1 1 1 0 0 1 0 1 1 1 0 0 0 1 0 1 0 0 0 1 0 0 0 0 1 0 1 0 0 0 0 1 0 1 1 1 0 0 
1 0 1 0 1 0 1 1 1 0 1 0 1 0 1 0 1 1 0 1 0 0 1 1 0 0 0 1 0 0 1 1 0 1 0 0 0 1 1 1 0 0 1 1 1 0 0 1 
1 1 0 1 1 0 0 0 1 1 0 0 0 0 0 0 0 1 0 1 1 0 0 0 1 1 0 0 0 0 1 0 0 0 0 0 1 1 1 0 1 1 0 0 1 0 0 1 
1 0 1 0 0 0 1 1 1 1 1 1 1 1 0 1 1 0 1 1 1 0 1 1 0 0 0 1 1 1 1 1 1 1 0 1 0 1 0 1 1 0 1 1 1 1 0 0 
0 1 0 0 0 1 0 0 0 1 0 0 0 0 1 1 1 1 0 1 0 1 1 0 1 0 0 1 1 0 0 0 1 0 1 1 1 0 1 0 0 1 1 0 1 0 1 0 
0 0 1 0 0 0 1 1 0 1 0 1 1 1 1 1 1 0 1 1 0 1 0 0 1 0 0 1 1 0 0 0 0 0 1 1 0 1 0 0 1 0 1 0 1 1 1 1 
1 0 1 1 0 0 1 0 0 0 0 1 0 1 1 0 0 0 0 0 1 0 1 0 0 1 0 1 0 0 1 0 0 0 1 0 1 0 0 0 1 1 0 1 1 0 1 1 
1 0 1 0 0 1 0 1 0 1 0 0 0 0 0 0 0 0 1 0 0 1 1 1 1 0 0 1 0 1 1 0 0 0 0 1 1 0 1 1 0 1 0 0 0 1 0 0 
1 1 1 0 0 1 1 0 0 1 0 0 1 1 1 0 1 0 0 0 1 0 0 1 0 0 1 1 0 1 1 0 1 1 0 1 0 1 0 1 1 0 1 1 0 0 0 1 
0 0 0 0 1 0 1 1 1 1 1 0 0 1 0 1 0 0 1 0 1 1 1 0 1 0 0 0 0 1 0 1 1 0 1 0 1 1 1 0 0 1 0 1 0 1 0 0 
1 1 1 1 1 1 0 1 1 1 0 0 0 0 0 0 0 0 0 0 1 0 0 1 1 1 1 0 1 0 1 1 1 1 1 0 1 0 0 1 0 1 1 0 1 1 1 0 
1 1 0 0 1 1 1 0 1 1 0 1 0 0 1 1 1 1 1 1 0 0 0 0 1 0 1 0 0 0 1 0 1 1 1 1 1 1 1 1 0 0 0 1 0 0 1 0 
0 1 1 0 1 1 1 1 1 1 1 0 0 0 0 1 1 0 1 0 1 0 1 1 0 0 1 0 1 0 0 1 1 1 0 0 1 0 1 0 1 0 1 1 0 0 0 1 
0 0 0 0 0 1 1 1 0 1 0 0 1 0 1 1 1 0 1 1 0 0 1 1 0 1 1 1 1 0 0 1 0 0 0 0 0 1 1 1 0 0 0 1 1 0 0 1 
1 0 0 0 0 0 1 1 0 0 0 0 0 1 1 0 1 0 1 1 0 0 0 1 0 0 0 0 0 1 0 0 1 0 1 1 0 0 1 1 0 1 0 0 0 1 1 0 
12
0 0 0 0 0 0 0 0 1 1 0 0 
1 1 1 0 0 1 0 1 1 1 0 0 
0 0 1 0 0 0 0 1 1 1 0 1 
0 0 0 1 1 1 0 1 1 0 1 1 
1 0 0 1 0 0 1 1 1 0 1 0 
0 1 1 0 1 0 0 0 1 1 1 0 
0 1 0 1 0 1 0 0 0 0 1 0 
0 1 0 0 1 0 0 0 0 1 1 0 
0 0 1 0 0 0 0 1 1 0 1 0 
1 1 1 0 0 0 1 0 0 1 1 0 
1 1 1 1 0 0 1 0 0 1 1 1 
1 0 0 1 0 1 0 1 1 0 0 0 
0 1 1 1 1 1 1 1 1 0 0 1 
1 1 0 0 0 0 0 0 1 0 1 0 
20
0 1 1 1 0 0 0 0 1 0 0 0 1 0 1 1 0 1 1 1 
1 0 1 0 0 0 0 1 0 0 0 0 0 1 1 0 0 0 1 0 
0 1 1 0 1 1 1 1 1 1 1 0 0 1 1 0 1 0 0 1 
1 0 1 0 1 0 0 1 1 1 0 0 1 1 0 0 1 0 0 0 
1 1 0 0 0 0 1 0 0 1 0 0 1 1 0 1 0 1 1 0 
0 0 0 0 0 1 0 0 1 1 0 1 0 1 1 1 1 0 0 0 
1 1 0 0 0 1 1 0 1 0 0 1 1 0 0 1 1 0 0 1 
1 0 0 1 1 0 0 1 0 0 1 1 1 1 1 0 1 0 0 1 
1 0 1 0 1 0 0 0 1 0 1 0 1 0 0 0 0 1 1 0 
1 1 0 0 0 1 0 0 0 0 0 0 0 1 0 1 1 0 0 0 
1 1 0 1 1 0 1 0 0 1 1 1 1 0 0 0 1 1 1 1 
1 1 1 1 0 0 0 0 1 0 0 1 1 1 0 0 1 0 1 1 
1 0 0 0 0 1 1 0 1 0 0 1 1 0 1 1 0 1 1 1 
0 0 0 1 1 1 0 0 1 1 1 0 1 1 0 1 1 1 0 0 
0 1 1 0 1 1 1 0 1 1 1 1 0 1 0 1 0 1 0 0 
1 1 1 1 0 1 0 1 0 1 0 1 1 0 0 0 1 0 1 0 
1 0 0 1 0 1 0 0 0 0 1 0 0 0 0 1 1 0 0 0 
0 0 1 1 1 0 0 1 0 0 1 1 1 0 1 0 1 0 1 0 
1 1 0 1 1 1 0 1 1 1 0 1 0 1 1 1 0 1 0 1 
0 0 1 0 0 0 1 0 1 0 1 1 1 0 0 0 1 0 0 0 
0 0 1 0 0 0 1 0 1 1 1 0 0 1 0 1 0 0 0 1 
1 0 0 0 1 1 0 0 1 1 1 0 0 0 0 0 1 0 1 0 
